beautiful: [-0.07123905  2.4380836 ]
boy: [-1.815615  -1.4439255]
can: [-0.6349506   0.13138902]
children: [ 2.029552  -1.4671718]
daughter: [0.5121746 2.2810001]
family: [ 1.618512 -1.406491]
future: [ 0.5171001 -1.664434 ]
king: [ 1.0196612 -1.6181072]
man: [-0.8792385  -0.19062364]
now: [-1.911151    0.43057895]
only: [-0.89000255 -0.4970898 ]
prince: [-0.90667224 -0.01986614]
princess: [-0.50355524  1.3131021 ]
queen: [0.95537007 1.1700597 ]
realm: [1.6584036 0.6820795]
royal: [2.1867015 0.755165 ]
rule: [ 1.897126  -1.6354768]
son: [-0.5610912 -2.5070395]
strong: [-0.80272925 -2.0064895 ]
their: [1.2662498  0.88617635]
woman: [-0.4935944  0.8892413]
